1,1,124.96,337.37,131.41000000000003,55.76999999999998,1,1,1.0
1,2,735.64,268.36,71.77999999999997,38.64999999999998,1,1,1.0
1,3,210.31,249.84,99.44,42.79999999999998,1,1,1.0
2,1,101.33,340.58,133.51,57.629999999999995,1,1,1.0
2,2,721.84,269.47,71.76999999999998,39.079999999999984,1,1,1.0
2,3,210.31,249.84,99.44,42.79999999999998,1,1,1.0
3,1,77.7,343.78,135.61,59.5,1,1,1.0
3,2,708.03,270.57,71.77999999999997,39.53000000000003,1,1,1.0
3,3,210.31,249.84,99.44,42.79999999999998,1,1,1.0
4,1,54.07,346.98,137.71,61.379999999999995,1,1,1.0
4,2,694.23,271.68,71.77999999999997,39.96999999999997,1,1,1.0
4,3,210.31,249.84,99.44,42.79999999999998,1,1,1.0
5,1,30.43,350.19,139.81,63.24000000000001,1,1,1.0
5,2,680.42,272.79,71.78000000000009,40.39999999999998,1,1,1.0
5,3,210.31,249.84,99.44,42.79999999999998,1,1,1.0
6,1,6.8,353.39,141.91,65.11000000000001,1,1,1.0
6,2,666.62,273.9,71.77999999999997,40.84000000000003,1,1,1.0
6,3,210.31,249.84,99.44,42.79999999999998,1,1,1.0
7,1,0.0,353.39,120.6,65.11000000000001,1,1,1.0
7,2,650.98,276.48,74.63,40.839999999999975,1,1,1.0
7,3,210.31,249.84,99.44,42.79999999999998,1,1,1.0
8,1,0.0,353.39,99.6,65.11000000000001,1,1,1.0
8,2,635.35,279.05,77.47000000000003,40.839999999999975,1,1,1.0
8,3,210.31,249.84,99.44,42.79999999999998,1,1,1.0
9,1,0.0,353.39,78.6,65.11000000000001,1,1,1.0
9,2,619.71,281.63,80.31999999999994,40.84000000000003,1,1,1.0
9,3,210.31,249.84,99.44,42.79999999999998,1,1,1.0
10,1,0.0,353.39,53.2,65.11000000000001,1,1,1.0
10,2,604.07,284.21,83.15999999999997,40.84000000000003,1,1,1.0
10,3,210.31,249.84,99.44,42.79999999999998,1,1,1.0
11,1,0.0,353.39,28.4,65.11000000000001,1,1,1.0
11,2,588.44,286.78,86.0,40.84000000000003,1,1,1.0
11,3,210.31,249.84,99.44,42.79999999999998,1,1,1.0
12,2,572.8,289.36,88.85000000000002,40.839999999999975,1,1,1.0
12,3,210.31,249.84,99.44,42.79999999999998,1,1,1.0
13,2,555.89,291.5,89.82000000000005,41.870000000000005,1,1,1.0
13,3,210.31,249.84,99.44,42.79999999999998,1,1,1.0
14,2,538.98,293.65,90.77999999999997,42.900000000000034,1,1,1.0
14,3,210.31,249.84,99.44,42.79999999999998,1,1,1.0
15,2,522.06,295.79,91.7600000000001,43.93000000000001,1,1,1.0
15,3,210.31,249.84,99.44,42.79999999999998,1,1,1.0
16,2,505.15,297.93,92.73000000000002,44.96999999999997,1,1,1.0
16,3,210.31,249.84,99.44,42.79999999999998,1,1,1.0
17,2,488.24,300.07,93.68999999999994,46.0,1,1,1.0
17,3,210.31,249.84,99.44,42.79999999999998,1,1,1.0
18,2,471.33,302.22,94.66000000000003,47.02999999999997,1,1,1.0
18,3,210.31,249.84,99.44,42.79999999999998,1,1,1.0
19,2,454.41,304.36,95.63999999999993,48.06,1,1,1.0
19,3,210.31,249.84,99.44,42.79999999999998,1,1,1.0
20,2,437.5,306.5,96.60000000000002,49.10000000000002,1,1,1.0
20,3,210.31,249.84,99.44,42.79999999999998,1,1,1.0
21,2,418.03,309.71,99.41000000000008,50.31,1,1,1.0
21,3,210.31,249.84,99.44,42.79999999999998,1,1,1.0
22,2,398.55,312.92,102.21999999999997,51.50999999999999,1,1,1.0
22,3,210.31,249.84,99.44,42.79999999999998,1,1,1.0
23,2,379.08,316.13,105.03000000000003,52.72000000000003,1,1,1.0
23,3,210.31,249.84,99.44,42.79999999999998,1,1,1.0
24,2,359.61,319.34,107.82999999999998,53.93000000000001,1,1,1.0
24,3,210.31,249.84,99.44,42.79999999999998,1,1,1.0
25,2,340.14,322.55,110.63999999999999,55.139999999999986,1,1,1.0
25,3,210.31,249.84,99.44,42.79999999999998,1,1,1.0
26,2,320.66,325.75,113.44999999999999,56.360000000000014,1,1,1.0
26,3,210.31,249.84,99.44,42.79999999999998,1,1,1.0
27,2,301.19,328.96,116.25999999999999,57.56999999999999,1,1,1.0
27,3,210.31,249.84,99.44,42.79999999999998,1,1,1.0
28,2,281.72,332.17,119.05999999999995,58.76999999999998,1,1,1.0
28,3,210.31,249.84,99.44,42.79999999999998,1,1,1.0
29,2,262.24,335.38,121.88,59.98000000000002,1,1,1.0
29,3,210.31,249.84,99.44,42.79999999999998,1,1,1.0
30,2,242.77,338.59,124.67999999999998,61.19,1,1,1.0
30,3,210.31,249.84,99.44,42.79999999999998,1,1,1.0
31,2,223.3,341.8,127.49000000000001,62.39999999999998,1,1,1.0
31,3,210.31,249.84,99.44,42.79999999999998,1,1,1.0
32,2,198.49,345.79,130.32999999999998,64.12,1,1,1.0
32,3,210.31,249.84,99.44,42.79999999999998,1,1,1.0
33,2,173.68,349.78,133.18,65.83000000000004,1,1,1.0
33,3,210.31,249.84,99.44,42.79999999999998,1,1,1.0
34,2,148.87,353.77,136.01999999999998,67.55000000000001,1,1,1.0
34,3,210.31,249.84,99.44,42.79999999999998,1,1,1.0
35,2,124.05,357.76,138.88,69.25999999999999,1,1,1.0
35,3,210.31,249.84,99.44,42.79999999999998,1,1,1.0
36,2,99.24,361.74,141.72000000000003,70.99000000000001,1,1,1.0
36,3,210.31,249.84,99.44,42.79999999999998,1,1,1.0
37,2,74.43,365.73,144.57,72.69999999999999,1,1,1.0
37,3,210.31,249.84,99.44,42.79999999999998,1,1,1.0
38,2,49.62,369.72,147.41,74.41999999999996,1,1,1.0
38,3,210.31,249.84,99.44,42.79999999999998,1,1,1.0
39,2,24.81,373.71,150.26,76.13,1,1,1.0
39,3,210.31,249.84,99.44,42.79999999999998,1,1,1.0
40,2,0.0,377.7,153.1,77.85000000000002,1,1,1.0
40,3,210.31,249.84,99.44,42.79999999999998,1,1,1.0
41,2,0.0,377.7,127.1,77.85000000000002,1,1,1.0
41,3,210.31,249.84,99.44,42.79999999999998,1,1,1.0
42,2,0.0,377.7,97.3,77.85000000000002,1,1,1.0
42,3,210.31,249.84,99.44,42.79999999999998,1,1,1.0
43,2,0.0,377.7,76.3,77.85000000000002,1,1,1.0
43,3,210.31,249.84,99.44,42.79999999999998,1,1,1.0
44,2,0.0,377.7,49.8,77.85000000000002,1,1,1.0
44,3,210.31,249.84,99.44,42.79999999999998,1,1,1.0
45,2,0.0,377.7,24.4,77.85000000000002,1,1,1.0
45,3,210.31,249.84,99.44,42.79999999999998,1,1,1.0
46,3,210.31,249.84,99.44,42.79999999999998,1,1,1.0
47,3,210.31,249.84,99.44,42.79999999999998,1,1,1.0
48,3,210.31,249.84,99.44,42.79999999999998,1,1,1.0
49,3,210.31,249.84,99.44,42.79999999999998,1,1,1.0
50,3,210.31,249.84,99.44,42.79999999999998,1,1,1.0
51,4,947.11,233.02,12.889999999999986,48.59,1,1,1.0
51,3,210.31,249.84,99.44,42.79999999999998,1,1,1.0
52,4,947.11,228.6,12.889999999999986,53.01000000000002,1,1,1.0
52,3,210.31,249.84,99.44,42.79999999999998,1,1,1.0
53,4,942.51,228.6,17.49000000000001,55.31000000000003,1,1,1.0
53,3,210.31,249.84,99.44,42.79999999999998,1,1,1.0
54,4,937.91,228.6,22.090000000000032,57.609999999999985,1,1,1.0
54,3,210.31,249.84,99.44,42.79999999999998,1,1,1.0
55,4,933.31,228.6,26.690000000000055,59.900000000000006,1,1,1.0
55,3,210.31,249.84,99.44,42.79999999999998,1,1,1.0
56,4,928.7,228.6,31.299999999999955,62.20000000000002,1,1,1.0
56,3,210.31,249.84,99.44,42.79999999999998,1,1,1.0
57,4,924.1,228.6,35.89999999999998,64.50000000000003,1,1,1.0
57,3,210.31,249.84,99.44,42.79999999999998,1,1,1.0
58,4,919.5,228.6,40.5,66.79999999999998,1,1,1.0
58,3,210.31,249.84,99.44,42.79999999999998,1,1,1.0
59,4,915.33,228.6,44.66999999999996,68.66,1,1,1.0
59,3,210.31,249.84,99.44,42.79999999999998,1,1,1.0
60,4,911.16,228.6,48.84000000000003,70.53,1,1,1.0
60,3,210.31,249.84,99.44,42.79999999999998,1,1,1.0
61,4,906.99,228.6,53.00999999999999,72.39000000000001,1,1,1.0
61,3,210.31,249.84,99.44,42.79999999999998,1,1,1.0
62,4,902.81,228.6,57.190000000000055,74.25000000000003,1,1,1.0
62,3,210.31,249.84,99.44,42.79999999999998,1,1,1.0
63,4,898.64,228.6,61.360000000000014,76.10999999999999,1,1,1.0
63,3,210.31,249.84,99.44,42.79999999999998,1,1,1.0
64,4,894.47,228.6,65.52999999999997,77.97999999999999,1,1,1.0
64,3,210.31,249.84,99.44,42.79999999999998,1,1,1.0
65,4,890.3,228.6,69.70000000000005,79.84,1,1,1.0
65,3,210.31,249.84,99.44,42.79999999999998,1,1,1.0
66,4,882.0,228.6,78.0,81.70000000000002,1,1,1.0
66,5,875.33,245.72,9.389999999999986,29.809999999999974,1,1,1.0
66,3,210.31,249.84,99.44,42.79999999999998,1,1,1.0
67,4,875.43,228.93,84.57000000000005,83.06,1,1,1.0
67,5,869.12,246.82,9.389999999999986,29.819999999999993,1,1,1.0
67,3,210.31,249.84,99.44,42.79999999999998,1,1,1.0
68,4,868.86,229.27,91.13999999999999,84.41999999999999,1,1,1.0
68,5,862.91,247.93,9.389999999999986,29.810000000000002,1,1,1.0
68,3,210.31,249.84,99.44,42.79999999999998,1,1,1.0
69,4,862.29,229.6,97.71000000000004,85.78,1,1,1.0
69,5,856.7,249.03,9.379999999999995,29.82000000000002,1,1,1.0
69,3,210.31,249.84,99.44,42.79999999999998,1,1,1.0
70,4,855.72,229.93,104.27999999999997,87.13999999999999,1,1,1.0
70,5,850.49,250.14,9.379999999999995,29.810000000000002,1,1,1.0
70,3,210.31,249.84,99.44,42.79999999999998,1,1,1.0
71,4,849.15,230.27,110.85000000000002,88.49999999999997,1,1,1.0
71,5,842.34,250.55,10.909999999999968,29.819999999999993,1,1,1.0
71,3,210.31,249.84,99.44,42.79999999999998,1,1,1.0
72,4,842.58,230.6,117.41999999999996,89.85999999999999,1,1,1.0
72,5,834.2,250.96,12.43999999999994,29.819999999999965,1,1,1.0
72,3,210.31,249.84,99.44,42.79999999999998,1,1,1.0
73,4,836.01,230.93,123.99000000000001,91.21999999999997,1,1,1.0
73,5,826.05,251.38,13.970000000000027,29.810000000000002,1,1,1.0
73,3,210.31,249.84,99.44,42.79999999999998,1,1,1.0
74,4,829.44,231.27,130.55999999999995,92.58000000000001,1,1,1.0
74,5,817.91,251.79,15.490000000000009,29.82000000000002,1,1,1.0
74,3,210.31,249.84,99.44,42.79999999999998,1,1,1.0
75,4,822.87,231.6,137.13,93.94000000000003,1,1,1.0
75,5,808.8,252.9,17.420000000000073,29.809999999999974,1,1,1.0
75,3,210.31,249.84,99.44,42.79999999999998,1,1,1.0
76,4,816.3,231.93,143.70000000000005,95.30000000000001,1,1,1.0
76,5,799.69,254.0,19.339999999999918,29.819999999999993,1,1,1.0
76,3,210.31,249.84,99.44,42.79999999999998,1,1,1.0
77,4,806.8,232.27,153.20000000000005,96.66,1,1,1.0
77,5,790.58,255.11,21.269999999999982,29.810000000000002,1,1,1.0
77,3,210.31,249.84,99.44,42.79999999999998,1,1,1.0
78,4,797.3,232.6,162.70000000000005,98.02000000000001,1,1,1.0
78,5,781.47,256.21,23.199999999999932,29.819999999999993,1,1,1.0
78,3,210.31,249.84,99.44,42.79999999999998,1,1,1.0
79,4,787.8,232.93,166.49,99.38,1,1,1.0
79,5,772.36,257.31,25.120000000000005,29.819999999999993,1,1,1.0
79,3,210.31,249.84,99.44,42.79999999999998,1,1,1.0
80,4,778.3,233.27,170.29000000000008,100.73999999999998,1,1,1.0
80,5,763.25,258.42,27.049999999999955,29.810000000000002,1,1,1.0
80,3,210.31,249.84,99.44,42.79999999999998,1,1,1.0
81,4,768.8,233.6,174.08000000000004,102.1,1,1,1.0
81,5,752.39,259.34,30.360000000000014,29.810000000000002,1,1,1.0
81,3,210.31,249.84,99.44,42.79999999999998,1,1,1.0
82,4,762.2,233.6,180.67999999999995,102.1,1,1,1.0
82,5,741.53,260.26,33.67000000000007,29.810000000000002,1,1,1.0
82,3,210.31,249.84,99.44,42.79999999999998,1,1,1.0
83,4,752.17,234.61,183.99,103.25999999999999,1,1,1.0
83,5,730.67,261.18,36.98000000000002,29.810000000000002,1,1,1.0
83,3,210.31,249.84,99.44,42.79999999999998,1,1,1.0
84,4,742.13,235.62,187.32000000000005,104.40999999999997,1,1,1.0
84,5,719.81,262.1,40.29000000000008,29.810000000000002,1,1,1.0
84,3,210.31,249.84,99.44,42.79999999999998,1,1,1.0
85,4,732.1,236.62,190.63,105.57999999999998,1,1,1.0
85,5,708.95,263.02,43.59999999999991,29.819999999999993,1,1,1.0
85,3,210.31,249.84,99.44,42.79999999999998,1,1,1.0
86,4,722.07,237.63,193.93999999999994,106.74000000000001,1,1,1.0
86,5,698.09,263.94,46.90999999999997,29.819999999999993,1,1,1.0
86,3,210.31,249.84,99.44,42.79999999999998,1,1,1.0
87,4,712.03,238.64,197.26,107.88999999999999,1,1,1.0
87,5,686.25,264.43,51.210000000000036,29.819999999999993,1,1,1.0
87,3,210.31,249.84,99.44,42.79999999999998,1,1,1.0
88,4,702.0,239.65,200.57000000000005,109.04999999999998,1,1,1.0
88,5,674.41,264.92,55.5,29.819999999999993,1,1,1.0
88,3,210.31,249.84,99.44,42.79999999999998,1,1,1.0
89,4,691.97,240.66,203.89,110.21000000000001,1,1,1.0
89,5,662.57,265.41,59.799999999999955,29.819999999999993,1,1,1.0
89,3,210.31,249.84,99.44,42.79999999999998,1,1,1.0
90,4,681.93,241.67,207.21000000000004,111.35999999999999,1,1,1.0
90,5,650.73,265.9,64.09000000000003,29.82000000000005,1,1,1.0
90,3,210.31,249.84,99.44,42.79999999999998,1,1,1.0
91,4,671.9,242.67,210.51999999999998,112.53,1,1,1.0
91,5,638.89,266.39,68.38999999999999,29.819999999999993,1,1,1.0
91,3,210.31,249.84,99.44,42.79999999999998,1,1,1.0
92,4,661.87,243.68,213.83000000000004,113.69,1,1,1.0
92,5,627.05,266.88,72.68000000000006,29.819999999999993,1,1,1.0
92,3,210.31,249.84,99.44,42.79999999999998,1,1,1.0
93,4,651.83,244.69,217.15999999999997,114.83999999999997,1,1,1.0
93,5,615.21,267.38,76.98000000000002,29.810000000000002,1,1,1.0
93,3,210.31,249.84,99.44,42.79999999999998,1,1,1.0
94,4,641.8,245.7,220.47000000000003,116.0,1,1,1.0
94,5,603.37,267.87,81.26999999999998,29.810000000000002,1,1,1.0
94,3,210.31,249.84,99.44,42.79999999999998,1,1,1.0
95,4,629.05,246.25,225.24,118.75999999999999,1,1,1.0
95,5,591.53,268.36,85.57000000000005,29.810000000000002,1,1,1.0
95,3,210.31,249.84,99.44,42.79999999999998,1,1,1.0
96,4,616.3,246.81,230.01,121.50999999999999,1,1,1.0
96,5,579.52,267.94,85.57000000000005,31.19999999999999,1,1,1.0
96,3,210.31,249.84,99.44,42.79999999999998,1,1,1.0
97,4,603.55,247.36,234.7800000000001,124.26999999999998,1,1,1.0
97,5,567.51,267.53,85.57000000000005,32.58000000000004,1,1,1.0
97,3,210.31,249.84,99.44,42.79999999999998,1,1,1.0
98,4,590.8,247.92,239.55000000000007,127.02000000000001,1,1,1.0
98,5,555.5,267.11,85.57000000000005,33.95999999999998,1,1,1.0
98,3,210.31,249.84,99.44,42.79999999999998,1,1,1.0
99,4,578.05,248.47,244.32000000000005,129.78,1,1,1.0
99,5,543.49,266.7,85.56999999999994,35.34000000000003,1,1,1.0
99,3,210.31,249.84,99.44,42.79999999999998,1,1,1.0
100,4,565.3,249.03,249.09000000000003,132.52,1,1,1.0
100,5,529.14,267.26,88.16999999999996,35.49000000000001,1,1,1.0
100,3,210.31,249.84,99.44,42.79999999999998,1,1,1.0
101,4,552.55,249.58,253.87,135.28,1,1,1.0
101,5,514.78,267.81,90.77999999999997,35.64999999999998,1,1,1.0
101,3,210.31,249.84,99.44,42.79999999999998,1,1,1.0
102,4,539.81,250.14,258.6300000000001,138.03000000000003,1,1,1.0
102,5,500.42,268.37,93.38999999999993,35.80000000000001,1,1,1.0
102,3,210.31,249.84,99.44,42.79999999999998,1,1,1.0
103,4,527.06,250.69,263.4000000000001,140.79000000000002,1,1,1.0
103,5,486.07,268.93,95.98999999999995,35.94999999999999,1,1,1.0
103,6,715.76,252.9,72.88,33.67999999999998,1,1,1.0
103,3,210.31,249.84,99.44,42.79999999999998,1,1,1.0
104,4,514.31,251.24,268.1700000000001,143.55,1,1,1.0
104,5,471.71,269.49,98.58999999999997,36.099999999999966,1,1,1.0
104,6,702.82,253.33,75.39999999999998,34.41999999999999,1,1,1.0
104,3,210.31,249.84,99.44,42.79999999999998,1,1,1.0
105,4,501.56,251.8,272.94,146.3,1,1,1.0
105,5,457.36,270.04,101.18999999999994,36.25999999999999,1,1,1.0
105,7,948.77,225.29,11.230000000000018,41.96000000000001,1,1,1.0
105,6,689.88,253.76,77.90999999999997,35.160000000000025,1,1,1.0
105,3,210.31,249.84,99.44,42.79999999999998,1,1,1.0
106,4,483.04,254.61,280.59,148.12,1,1,1.0
106,5,443.0,270.6,103.79999999999995,36.40999999999997,1,1,1.0
106,7,944.19,223.08,15.809999999999945,45.119999999999976,1,1,1.0
106,6,676.94,254.18,80.41999999999996,35.89999999999998,1,1,1.0
106,3,210.31,249.84,99.44,42.79999999999998,1,1,1.0
107,4,464.52,257.41,288.23,149.95,1,1,1.0
107,5,428.46,271.48,105.13000000000005,36.68000000000001,1,1,1.0
107,7,939.61,220.86,20.389999999999986,48.289999999999964,1,1,1.0
107,6,664.0,254.61,82.94000000000005,36.639999999999986,1,1,1.0
107,3,210.31,249.84,99.44,42.79999999999998,1,1,1.0
108,4,446.0,260.22,295.88,151.76999999999998,1,1,1.0
108,5,413.92,272.35,106.45999999999998,36.95999999999998,1,1,1.0
108,7,935.02,218.65,24.980000000000018,51.45000000000002,1,1,1.0
108,6,651.06,255.04,85.45000000000005,37.380000000000024,1,1,1.0
108,3,210.31,249.84,99.44,42.79999999999998,1,1,1.0
109,4,427.48,263.03,303.52,153.59000000000003,1,1,1.0
109,5,399.38,273.23,107.80000000000001,37.22999999999996,1,1,1.0
109,7,930.44,216.44,29.559999999999945,54.610000000000014,1,1,1.0
109,6,638.12,255.47,87.96000000000004,38.119999999999976,1,1,1.0
109,3,210.31,249.84,99.44,42.79999999999998,1,1,1.0
110,4,408.97,265.84,311.15999999999997,155.41000000000003,1,1,1.0
110,5,384.84,274.1,109.13000000000005,37.50999999999999,1,1,1.0
110,7,925.86,214.23,34.139999999999986,57.77000000000001,1,1,1.0
110,6,625.18,255.9,90.47000000000003,38.859999999999985,1,1,1.0
110,3,210.31,249.84,99.44,42.79999999999998,1,1,1.0
111,4,390.45,268.65,318.8,157.23000000000002,1,1,1.0
111,5,370.3,274.98,110.45999999999998,37.77999999999997,1,1,1.0
111,7,921.28,212.01,38.72000000000003,60.94,1,1,1.0
111,6,612.24,256.33,92.99000000000001,39.60000000000002,1,1,1.0
111,3,210.31,249.84,99.44,42.79999999999998,1,1,1.0
112,4,371.93,271.45,326.45,159.07,1,1,1.0
112,5,355.76,275.85,111.79000000000002,38.06,1,1,1.0
112,7,916.7,209.8,43.299999999999955,64.09999999999997,1,1,1.0
112,6,599.3,256.76,95.5,40.34000000000003,1,1,1.0
112,3,210.31,249.84,99.44,42.79999999999998,1,1,1.0
113,4,353.41,274.26,334.09,160.89,1,1,1.0
113,5,341.22,276.73,113.11999999999995,38.329999999999984,1,1,1.0
113,7,911.73,210.56,46.90999999999997,64.10000000000002,1,1,1.0
113,6,584.86,257.23,97.12,41.19,1,1,1.0
113,3,210.31,249.84,99.44,42.79999999999998,1,1,1.0
114,4,334.89,277.07,341.74,162.70999999999998,1,1,1.0
114,5,326.68,277.6,114.44999999999999,38.60999999999996,1,1,1.0
114,7,906.76,211.33,50.51999999999998,64.1,1,1,1.0
114,6,570.42,257.7,98.73000000000002,42.03000000000003,1,1,1.0
114,3,210.31,249.84,99.44,42.79999999999998,1,1,1.0
115,4,316.37,279.88,349.38,164.53000000000003,1,1,1.0
115,5,312.14,278.48,115.79000000000002,38.879999999999995,1,1,1.0
115,7,901.79,212.09,54.120000000000005,64.1,1,1,1.0
115,6,555.99,258.16,100.34000000000003,42.889999999999986,1,1,1.0
115,3,210.31,249.84,99.44,42.79999999999998,1,1,1.0
116,4,297.86,282.68,357.02,166.36,1,1,1.0
116,5,297.6,279.35,117.12,39.15999999999997,1,1,1.0
116,7,896.82,212.86,57.729999999999905,64.09999999999997,1,1,1.0
116,6,541.55,258.63,101.96000000000004,43.73000000000002,1,1,1.0
116,3,210.31,249.84,99.44,42.79999999999998,1,1,1.0
117,4,279.34,285.49,364.66,168.18,1,1,1.0
117,5,283.06,280.23,118.44999999999999,39.43000000000001,1,1,1.0
117,7,891.85,213.62,61.34000000000003,64.10000000000002,1,1,1.0
117,6,527.11,259.1,103.56999999999994,44.579999999999984,1,1,1.0
117,3,210.31,249.84,99.44,42.79999999999998,1,1,1.0
118,4,260.82,288.3,372.31,170.0,1,1,1.0
118,5,268.52,281.1,119.78000000000003,39.70999999999998,1,1,1.0
118,7,886.88,214.39,64.95000000000005,64.10000000000002,1,1,1.0
118,6,512.67,259.56,105.19000000000005,45.43000000000001,1,1,1.0
118,3,210.31,249.84,99.44,42.79999999999998,1,1,1.0
119,4,241.18,290.27,379.48999999999995,174.42000000000002,1,1,1.0
119,5,252.12,281.42,119.76999999999998,41.129999999999995,1,1,1.0
119,7,881.91,215.15,68.56000000000006,64.1,1,1,1.0
119,6,498.23,260.03,106.80999999999995,46.28000000000003,1,1,1.0
119,3,210.31,249.84,99.44,42.79999999999998,1,1,1.0
120,4,221.54,292.24,386.6600000000001,178.82999999999998,1,1,1.0
120,5,235.71,281.73,119.78,42.56,1,1,1.0
120,7,876.94,215.92,72.16999999999996,64.1,1,1,1.0
120,6,483.79,260.5,108.43,47.120000000000005,1,1,1.0
120,3,210.31,249.84,99.44,42.79999999999998,1,1,1.0
121,4,201.9,294.22,393.84000000000003,183.23999999999995,1,1,1.0
121,5,219.3,282.05,119.77999999999997,43.97999999999996,1,1,1.0
121,7,871.98,216.68,75.76999999999998,64.09999999999997,1,1,1.0
121,6,469.35,260.97,110.03999999999996,47.96999999999997,1,1,1.0
121,3,210.31,249.84,99.44,42.79999999999998,1,1,1.0
122,4,182.26,296.19,401.02,187.64999999999998,1,1,1.0
122,5,202.9,282.36,119.77000000000001,45.41999999999996,1,1,1.0
122,7,867.01,217.44,79.37,64.10000000000002,1,1,1.0
122,6,454.92,261.43,111.65000000000003,48.81999999999999,1,1,1.0
122,3,210.31,249.84,99.44,42.79999999999998,1,1,1.0
123,4,162.62,298.16,408.20000000000005,192.07,1,1,1.0
123,5,186.49,282.68,119.77999999999997,46.839999999999975,1,1,1.0
123,7,862.04,218.21,82.98000000000002,64.1,1,1,1.0
123,6,440.48,261.9,113.26999999999998,49.670000000000016,1,1,1.0
123,3,210.31,249.84,99.44,42.79999999999998,1,1,1.0
124,4,142.98,300.13,415.38,196.48000000000002,1,1,1.0
124,5,170.08,282.99,119.78,48.26999999999998,1,1,1.0
124,7,857.07,218.97,86.58999999999992,64.1,1,1,1.0
124,6,426.04,262.37,114.87999999999994,50.50999999999999,1,1,1.0
124,3,210.31,249.84,99.44,42.79999999999998,1,1,1.0
125,4,123.34,302.11,422.55999999999995,200.89,1,1,1.0
125,5,153.68,283.31,119.76999999999998,49.69,1,1,1.0
125,7,852.1,219.74,90.19999999999993,64.09999999999997,1,1,1.0
125,6,411.6,262.83,116.5,51.370000000000005,1,1,1.0
125,3,210.31,249.84,99.44,42.79999999999998,1,1,1.0
126,4,92.9,304.08,437.14,208.17000000000002,1,1,1.0
126,5,134.75,285.52,121.98000000000002,49.69,1,1,1.0
126,7,843.74,219.74,91.46000000000004,64.09999999999997,1,1,1.0
126,6,396.06,263.47,116.49999999999994,51.35999999999996,1,1,1.0
126,3,210.31,249.84,99.44,42.79999999999998,1,1,1.0
127,4,62.47,306.05,451.72,215.45,1,1,1.0
127,5,115.81,287.73,124.19999999999999,49.69,1,1,1.0
127,7,835.38,219.74,92.72000000000003,64.09999999999997,1,1,1.0
127,6,380.52,264.1,116.5,51.35999999999996,1,1,1.0
127,3,210.31,249.84,99.44,42.79999999999998,1,1,1.0
128,4,32.03,308.02,466.29999999999995,222.73000000000002,1,1,1.0
128,5,96.88,289.93,126.41,49.69999999999999,1,1,1.0
128,7,827.03,219.74,93.97000000000003,64.09999999999997,1,1,1.0
128,6,364.98,264.73,116.5,51.35999999999996,1,1,1.0
128,3,210.31,249.84,99.44,42.79999999999998,1,1,1.0
129,4,1.6,309.99,480.87,230.01,1,1,1.0
129,5,77.95,292.14,128.62,49.69,1,1,1.0
129,7,818.67,219.74,95.23000000000002,64.09999999999997,1,1,1.0
129,6,349.44,265.36,116.5,51.360000000000014,1,1,1.0
129,3,210.31,249.84,99.44,42.79999999999998,1,1,1.0
130,4,1.14,311.96,465.47,228.04000000000002,1,1,1.0
130,5,59.02,294.35,130.82,49.69,1,1,1.0
130,7,810.31,219.74,96.49000000000001,64.09999999999997,1,1,1.0
130,6,333.9,265.99,116.5,51.370000000000005,1,1,1.0
130,3,210.31,249.84,99.44,42.79999999999998,1,1,1.0
131,4,0.67,313.93,450.09,226.07,1,1,1.0
131,5,40.09,296.56,133.03,49.69,1,1,1.0
131,7,801.96,219.74,97.74000000000001,64.09999999999997,1,1,1.0
131,6,318.37,266.62,116.5,51.370000000000005,1,1,1.0
131,3,210.31,249.84,99.44,42.79999999999998,1,1,1.0
132,4,0.21,315.9,434.69,224.09000000000003,1,1,1.0
132,5,21.16,298.77,135.24,49.69,1,1,1.0
132,7,793.6,219.74,99.0,64.09999999999997,1,1,1.0
132,6,302.83,267.25,116.5,51.370000000000005,1,1,1.0
132,3,210.31,249.84,99.44,42.79999999999998,1,1,1.0
133,4,0.21,320.03,416.84000000000003,219.96000000000004,1,1,1.0
133,5,17.67,298.86,120.7,49.69,1,1,1.0
133,7,788.63,220.29,99.0,64.1,1,1,1.0
133,6,286.45,269.18,118.16000000000003,51.370000000000005,1,1,1.0
133,3,210.31,249.84,99.44,42.79999999999998,1,1,1.0
134,4,0.21,324.17,398.99,215.82,1,1,1.0
134,5,14.17,298.95,106.16,49.69999999999999,1,1,1.0
134,7,783.66,220.84,99.0,64.1,1,1,1.0
134,6,270.07,271.12,119.81,51.360000000000014,1,1,1.0
134,8,684.29,528.97,92.21000000000004,11.029999999999973,1,1,1.0
134,3,210.31,249.84,99.44,42.79999999999998,1,1,1.0
135,4,0.21,328.3,381.14000000000004,211.69,1,1,1.0
135,5,10.67,299.05,91.63,49.69,1,1,1.0
135,7,778.69,221.39,99.0,64.10000000000002,1,1,1.0
135,6,253.69,273.05,121.47000000000003,51.370000000000005,1,1,1.0
135,8,693.04,523.24,100.01999999999998,16.66999999999996,1,1,1.0
135,3,210.31,249.84,99.44,42.79999999999998,1,1,1.0
136,4,0.21,332.43,363.29,207.56,1,1,1.0
136,5,7.17,299.14,77.1,49.69,1,1,1.0
136,7,773.72,221.95,99.0,64.10000000000002,1,1,1.0
136,6,237.31,274.98,123.13,51.370000000000005,1,1,1.0
136,8,701.79,517.5,107.84000000000003,22.33000000000004,1,1,1.0
136,3,210.31,249.84,99.44,42.79999999999998,1,1,1.0
137,4,0.21,336.57,345.44,203.42000000000002,1,1,1.0
137,5,3.68,299.23,62.550000000000004,49.69,1,1,1.0
137,7,768.75,222.5,99.0,64.10000000000002,1,1,1.0
137,6,220.93,276.92,124.79000000000002,51.35999999999996,1,1,1.0
137,8,710.54,511.77,115.66000000000008,27.970000000000027,1,1,1.0
137,3,210.31,249.84,99.44,42.79999999999998,1,1,1.0
138,4,0.21,340.7,327.59000000000003,199.29000000000002,1,1,1.0
138,5,0.18,299.32,48.02,49.69,1,1,1.0
138,7,763.79,223.05,98.99000000000001,64.09999999999997,1,1,1.0
138,6,204.54,278.85,126.46000000000001,51.35999999999996,1,1,1.0
138,8,719.29,506.03,120.78000000000009,33.629999999999995,1,1,1.0
138,3,210.31,249.84,99.44,42.79999999999998,1,1,1.0
139,4,0.21,343.83,305.32,196.16000000000003,1,1,1.0
139,5,0.18,299.32,28.97,49.69,1,1,1.0
139,7,756.18,223.67,99.79000000000008,64.34,1,1,1.0
139,6,187.18,279.34,128.67000000000002,52.650000000000034,1,1,1.0
139,8,728.04,500.3,125.88999999999999,39.28000000000003,1,1,1.0
139,3,210.31,249.84,99.44,42.79999999999998,1,1,1.0
140,4,0.21,346.97,283.06,193.01999999999998,1,1,1.0
140,5,0.18,299.32,9.92,49.69,1,1,1.0
140,7,748.57,224.28,100.59999999999991,64.59,1,1,1.0
140,6,169.82,279.83,130.87,53.94,1,1,1.0
140,8,736.79,494.57,131.01,44.920000000000016,1,1,1.0
140,3,210.31,249.84,99.44,42.79999999999998,1,1,1.0
141,4,0.21,350.1,260.79,189.89,1,1,1.0
141,7,740.96,224.9,101.39999999999998,64.83000000000001,1,1,1.0
141,6,152.46,280.33,133.08,55.22000000000003,1,1,1.0
141,8,745.54,488.83,129.01999999999998,50.579999999999984,1,1,1.0
141,3,210.31,249.84,99.44,42.79999999999998,1,1,1.0
142,4,0.21,353.23,238.51999999999998,186.76999999999998,1,1,1.0
142,7,733.36,225.52,102.18999999999994,65.06999999999996,1,1,1.0
142,6,135.1,280.82,135.28,56.50999999999999,1,1,1.0
142,8,754.29,483.1,127.03000000000009,56.22000000000003,1,1,1.0
142,3,210.31,249.84,99.44,42.79999999999998,1,1,1.0
143,4,0.21,356.37,216.26,183.63,1,1,1.0
143,7,725.75,226.13,102.99000000000001,65.32,1,1,1.0
143,6,117.74,281.31,137.49,57.80000000000001,1,1,1.0
143,8,763.04,477.37,125.05000000000007,61.870000000000005,1,1,1.0
143,3,210.31,249.84,99.44,42.79999999999998,1,1,1.0
144,4,0.21,359.5,193.98999999999998,180.5,1,1,1.0
144,7,718.14,226.75,103.78999999999996,65.55000000000001,1,1,1.0
144,6,100.37,281.81,139.7,59.079999999999984,1,1,1.0
144,8,771.79,471.63,123.06000000000006,67.51999999999998,1,1,1.0
144,3,210.31,249.84,99.44,42.79999999999998,1,1,1.0
145,4,0.21,362.63,171.72,177.37,1,1,1.0
145,7,710.53,227.37,104.59000000000003,65.79000000000002,1,1,1.0
145,6,83.01,282.3,141.90999999999997,60.370000000000005,1,1,1.0
145,8,780.53,465.9,121.08000000000004,73.17000000000007,1,1,1.0
145,3,210.31,249.84,99.44,42.79999999999998,1,1,1.0
146,4,0.21,365.77,149.45999999999998,174.23000000000002,1,1,1.0
146,7,702.93,227.98,105.38,66.03999999999999,1,1,1.0
146,6,65.65,282.79,144.10999999999999,61.65999999999997,1,1,1.0
146,8,789.28,460.17,119.09000000000003,78.81,1,1,1.0
146,3,210.31,249.84,99.44,42.79999999999998,1,1,1.0
147,4,0.21,368.9,127.19000000000001,171.10000000000002,1,1,1.0
147,7,695.32,228.6,106.17999999999995,66.28,1,1,1.0
147,6,48.29,283.29,146.32000000000002,62.94,1,1,1.0
147,8,798.03,454.43,117.10000000000002,84.46999999999997,1,1,1.0
147,3,210.31,249.84,99.44,42.79999999999998,1,1,1.0
148,4,0.21,378.43,99.44000000000001,161.57,1,1,1.0
148,7,686.35,228.88,107.0,67.11000000000001,1,1,1.0
148,6,36.56,286.19,140.64,62.93000000000001,1,1,1.0
148,8,805.07,450.01,117.09999999999991,84.47000000000003,1,1,1.0
148,3,210.31,249.84,99.44,42.79999999999998,1,1,1.0
149,4,0.21,387.95,71.69000000000001,152.05,1,1,1.0
149,7,677.37,229.15,107.83000000000004,67.93999999999997,1,1,1.0
149,6,24.82,289.08,134.98000000000002,62.94,1,1,1.0
149,8,812.11,445.6,117.10000000000002,84.47000000000003,1,1,1.0
149,3,210.31,249.84,99.44,42.79999999999998,1,1,1.0
150,4,0.21,397.48,43.94,142.51999999999998,1,1,1.0
150,7,668.4,229.43,108.64999999999998,68.75999999999999,1,1,1.0
150,6,13.09,291.98,129.31,62.94,1,1,1.0
150,8,819.15,441.18,117.10000000000002,84.46999999999997,1,1,1.0
150,3,210.31,249.84,99.44,42.79999999999998,1,1,1.0
151,4,0.21,407.0,16.189999999999998,133.0,1,1,1.0
151,7,659.43,229.7,109.47000000000003,69.60000000000002,1,1,1.0
151,6,1.36,294.88,123.64,62.94,1,1,1.0
151,8,826.19,436.76,117.09999999999991,84.47000000000003,1,1,1.0
151,3,210.31,249.84,99.44,42.79999999999998,1,1,1.0
152,7,650.82,230.36,109.46999999999991,69.59999999999997,1,1,1.0
152,6,1.36,294.88,105.08,62.94,1,1,1.0
152,8,834.59,432.79,112.03999999999996,84.46999999999997,1,1,1.0
152,3,210.31,249.84,99.44,42.79999999999998,1,1,1.0
153,7,642.2,231.03,109.46999999999991,69.59,1,1,1.0
153,6,1.36,294.88,86.52,62.94,1,1,1.0
153,8,842.99,428.81,106.99000000000001,84.46999999999997,1,1,1.0
153,3,210.31,249.84,99.44,42.79999999999998,1,1,1.0
154,7,633.59,231.69,109.46999999999991,69.60000000000002,1,1,1.0
154,6,1.36,294.88,67.96,62.94,1,1,1.0
154,8,851.4,424.84,101.92000000000007,84.47000000000003,1,1,1.0
154,3,210.31,249.84,99.44,42.79999999999998,1,1,1.0
155,7,624.98,232.35,109.47000000000003,69.6,1,1,1.0
155,6,1.36,294.88,49.4,62.94,1,1,1.0
155,8,859.8,420.86,96.86000000000001,84.46999999999997,1,1,1.0
155,3,210.31,249.84,99.44,42.79999999999998,1,1,1.0
156,7,616.36,233.02,109.47000000000003,69.59,1,1,1.0
156,6,1.36,294.88,30.840000000000003,62.94,1,1,1.0
156,8,868.2,416.89,91.79999999999995,84.47000000000003,1,1,1.0
156,3,210.31,249.84,99.44,42.79999999999998,1,1,1.0
157,7,605.37,232.96,111.96000000000004,70.15,1,1,1.0
157,6,1.36,294.88,13.14,62.94,1,1,1.0
157,8,874.49,413.74,85.50999999999999,82.43,1,1,1.0
157,3,210.31,249.84,99.44,42.79999999999998,1,1,1.0
158,7,594.39,232.91,114.44000000000005,70.70000000000002,1,1,1.0
158,8,880.78,410.59,79.22000000000003,80.39000000000004,1,1,1.0
158,3,210.31,249.84,99.44,42.79999999999998,1,1,1.0
159,7,583.4,232.86,116.92000000000007,71.24000000000001,1,1,1.0
159,8,887.07,407.44,72.92999999999995,78.36000000000001,1,1,1.0
159,3,210.31,249.84,99.44,42.79999999999998,1,1,1.0
160,7,572.41,232.81,119.41000000000008,71.79000000000002,1,1,1.0
160,8,893.36,404.3,66.63999999999999,76.31,1,1,1.0
160,3,210.31,249.84,99.44,42.79999999999998,1,1,1.0
161,7,561.42,232.76,121.90000000000009,72.34000000000003,1,1,1.0
161,8,899.65,401.15,60.35000000000002,74.28000000000003,1,1,1.0
161,3,210.31,249.84,99.44,42.79999999999998,1,1,1.0
162,7,550.44,232.71,124.36999999999989,72.87999999999997,1,1,1.0
162,8,905.94,398.0,54.059999999999945,72.24000000000001,1,1,1.0
162,3,210.31,249.84,99.44,42.79999999999998,1,1,1.0
163,7,539.45,232.65,126.8599999999999,73.43999999999997,1,1,1.0
163,8,912.23,394.86,47.76999999999998,70.19999999999999,1,1,1.0
163,3,210.31,249.84,99.44,42.79999999999998,1,1,1.0
164,7,528.46,232.6,129.3499999999999,73.98999999999998,1,1,1.0
164,8,918.52,391.71,41.48000000000002,68.16000000000003,1,1,1.0
164,3,210.31,249.84,99.44,42.79999999999998,1,1,1.0
165,7,517.47,232.55,131.82999999999993,74.52999999999997,1,1,1.0
165,8,924.81,388.56,35.190000000000055,66.13,1,1,1.0
165,3,210.31,249.84,99.44,42.79999999999998,1,1,1.0
166,7,506.48,232.5,134.31999999999994,75.07999999999998,1,1,1.0
166,8,931.1,385.41,28.899999999999977,64.08999999999997,1,1,1.0
166,3,210.31,249.84,99.44,42.79999999999998,1,1,1.0
167,7,495.17,233.79,134.31,75.08000000000001,1,1,1.0
167,8,937.2,385.41,22.799999999999955,64.08999999999997,1,1,1.0
167,3,210.31,249.84,99.44,42.79999999999998,1,1,1.0
168,7,483.85,235.08,134.30999999999995,75.08000000000001,1,1,1.0
168,8,941.6,385.41,18.399999999999977,64.08999999999997,1,1,1.0
168,3,210.31,249.84,99.44,42.79999999999998,1,1,1.0
169,7,472.53,236.37,134.31000000000006,75.07999999999998,1,1,1.0
169,8,947.7,385.41,12.299999999999955,64.08999999999997,1,1,1.0
169,3,210.31,249.84,99.44,42.79999999999998,1,1,1.0
170,7,461.21,237.65,134.31,75.08000000000001,1,1,1.0
170,8,952.7,385.41,7.2999999999999545,51.98999999999995,1,1,1.0
170,3,210.31,249.84,99.44,42.79999999999998,1,1,1.0
171,7,449.89,238.94,134.31000000000006,75.07999999999998,1,1,1.0
171,3,210.31,249.84,99.44,42.79999999999998,1,1,1.0
172,7,438.57,240.23,134.32,75.08000000000001,1,1,1.0
172,3,210.31,249.84,99.44,42.79999999999998,1,1,1.0
173,7,426.97,240.06,134.98000000000002,75.80000000000001,1,1,1.0
173,3,210.31,249.84,99.44,42.79999999999998,1,1,1.0
174,7,415.38,239.9,135.64,76.51000000000002,1,1,1.0
174,3,210.31,249.84,99.44,42.79999999999998,1,1,1.0
175,7,403.78,239.73,136.31000000000006,77.22999999999999,1,1,1.0
175,3,210.31,249.84,99.44,42.79999999999998,1,1,1.0
176,7,392.18,239.57,136.97999999999996,77.94,1,1,1.0
176,3,210.31,249.84,99.44,42.79999999999998,1,1,1.0
177,7,380.58,239.4,137.64000000000004,78.66,1,1,1.0
177,3,210.31,249.84,99.44,42.79999999999998,1,1,1.0
178,7,368.99,239.24,138.3,79.36000000000001,1,1,1.0
178,3,210.31,249.84,99.44,42.79999999999998,1,1,1.0
179,7,357.39,239.07,138.97000000000003,80.07999999999998,1,1,1.0
179,3,210.31,249.84,99.44,42.79999999999998,1,1,1.0
180,7,345.79,238.9,139.63,80.79999999999998,1,1,1.0
180,3,210.31,249.84,99.44,42.79999999999998,1,1,1.0
181,7,334.2,238.74,140.29000000000002,81.50999999999999,1,1,1.0
181,3,210.31,249.84,99.44,42.79999999999998,1,1,1.0
182,7,322.6,238.57,140.95999999999998,82.23000000000002,1,1,1.0
182,3,210.31,249.84,99.44,42.79999999999998,1,1,1.0
183,7,310.86,238.37,141.65999999999997,82.92000000000002,1,1,1.0
183,3,210.31,249.84,99.44,42.79999999999998,1,1,1.0
184,7,299.12,238.16,142.35000000000002,83.60999999999999,1,1,1.0
184,3,210.31,249.84,99.44,42.79999999999998,1,1,1.0
185,7,287.39,237.95,143.04000000000002,84.31,1,1,1.0
185,3,210.31,249.84,99.44,42.79999999999998,1,1,1.0
186,7,275.65,237.74,143.74,85.00999999999999,1,1,1.0
186,3,210.31,249.84,99.44,42.79999999999998,1,1,1.0
187,7,263.91,237.54,144.42999999999995,85.70000000000002,1,1,1.0
187,3,210.31,249.84,99.44,42.79999999999998,1,1,1.0
188,7,252.17,237.33,145.13000000000002,86.4,1,1,1.0
188,3,210.31,249.84,99.44,42.79999999999998,1,1,1.0
189,7,240.44,237.12,145.82,87.08999999999997,1,1,1.0
189,3,210.31,249.84,99.44,42.79999999999998,1,1,1.0
190,7,228.7,236.92,146.51,87.78,1,1,1.0
190,3,210.31,249.84,99.44,42.79999999999998,1,1,1.0
